domestica_codon	gambiae_codon
1	1
2	2
3	3
4	4
5	5
6	6
7	7
8	8
9	9
10	10
11	11
12	12
13	13
14	14
15	15
16	16
17	17
18	18
19	19
20	20
21	21
22	22
23	23
24	24
25	25
26	26
27	27
28	28
29	29
30	30
31	31
32	32
33	33
34	34
35	35
.	36
36	37
37	38
38	39
39	40
40	41
41	42
42	43
43	44
44	45
45	46
46	47
47	.
48	.
49	.
50	.
51	.
52	.
53	.
54	.
55	48
56	49
57	50
58	51
59	52
60	53
61	54
62	55
63	56
64	57
65	58
66	59
67	60
68	61
69	62
70	63
71	64
72	65
73	66
74	67
75	68
76	69
77	70
78	71
79	72
80	73
81	74
82	75
83	76
84	77
85	78
86	79
87	80
88	81
89	82
90	83
91	84
92	85
93	86
94	87
95	88
96	89
97	90
98	91
99	92
100	93
101	94
102	95
103	96
104	97
105	98
106	99
107	100
108	101
109	102
110	103
111	104
112	105
113	106
114	107
115	108
116	109
117	110
118	111
119	112
120	113
121	114
122	115
123	116
124	117
125	118
126	119
127	120
128	121
129	122
130	123
131	124
132	125
133	126
134	127
135	128
136	129
137	130
138	131
139	132
140	133
141	134
142	135
143	136
144	137
145	138
146	139
147	140
148	141
149	142
150	143
151	144
152	145
153	146
154	147
155	148
156	149
157	150
158	151
159	152
160	153
161	154
162	155
163	156
164	157
165	158
166	159
167	160
168	161
169	162
170	163
171	164
172	165
173	166
174	167
175	168
176	169
177	170
178	171
179	172
180	173
181	174
182	175
183	176
184	177
185	178
186	179
187	180
188	181
189	182
190	183
191	184
192	185
193	186
194	187
195	188
196	189
197	190
198	191
199	192
200	193
201	194
202	195
203	196
204	197
205	198
206	199
207	200
208	201
209	202
210	203
211	204
212	205
213	206
214	207
215	208
216	209
217	210
218	211
219	212
220	213
221	214
222	215
223	216
224	217
225	218
226	219
227	220
228	221
229	222
230	223
231	224
232	225
233	226
234	227
235	228
236	229
237	230
238	231
239	232
240	233
241	234
242	235
243	236
244	237
245	238
246	239
247	240
248	241
249	242
250	243
251	244
252	245
253	246
254	247
255	248
256	249
257	250
258	251
259	252
260	253
261	254
262	255
263	256
264	257
265	258
266	259
267	260
268	261
269	262
270	263
271	264
272	265
273	266
274	267
275	268
276	269
277	270
278	271
279	272
280	273
281	274
282	275
283	276
284	277
285	278
286	279
287	280
288	281
289	282
290	283
291	284
292	285
293	286
294	287
295	288
296	289
297	290
298	291
299	292
300	293
301	294
302	295
303	296
304	297
305	298
306	299
307	300
308	301
309	302
310	303
311	304
312	305
313	306
314	307
315	308
316	309
317	310
318	311
319	312
320	313
321	314
322	315
323	316
324	317
325	318
326	.
327	319
328	320
329	321
330	322
331	323
332	324
333	325
334	326
335	327
336	328
337	329
338	330
339	331
340	332
341	333
342	334
343	335
344	336
345	337
346	338
347	339
348	340
349	341
350	342
351	343
352	344
353	345
354	346
355	347
356	348
357	349
358	350
359	351
360	352
361	353
362	354
363	355
364	356
365	357
366	358
367	359
368	360
369	361
370	362
371	363
372	364
373	365
374	366
375	367
376	368
377	369
378	370
379	371
380	372
381	373
382	374
383	375
384	376
385	377
386	378
387	379
388	380
389	381
390	382
391	383
392	384
393	385
394	386
395	387
396	388
397	389
398	390
399	391
400	392
401	393
402	394
403	395
404	396
405	397
406	398
407	399
408	400
409	401
410	402
411	403
412	404
413	405
414	406
415	407
416	408
417	409
418	410
419	411
420	412
421	413
422	414
423	415
424	416
425	417
426	418
427	419
428	420
429	421
430	422
431	423
432	424
433	425
434	426
435	427
436	428
437	429
438	430
439	431
440	432
441	433
442	434
443	435
444	436
445	437
446	438
447	439
448	440
449	441
450	442
451	443
452	444
453	445
454	446
455	447
456	448
457	449
458	.
459	.
460	.
461	.
462	.
463	.
464	.
465	.
466	.
467	.
468	.
469	450
470	451
471	452
472	453
473	454
474	455
475	456
476	457
477	458
478	459
479	460
480	461
481	462
482	463
483	464
484	465
.	466
485	467
486	468
487	469
488	470
489	471
490	472
491	473
492	474
493	475
494	476
495	477
496	478
497	479
498	480
499	481
500	482
501	483
502	484
503	485
504	486
505	487
506	488
507	489
508	490
509	491
510	492
511	493
512	494
513	495
514	496
515	497
516	498
517	499
518	500
519	501
520	502
521	503
522	504
523	505
524	506
525	507
526	508
527	509
528	510
529	511
530	512
531	513
532	514
533	515
534	516
535	517
536	518
537	519
538	520
539	521
540	522
541	523
542	524
543	525
544	526
545	527
546	528
547	529
548	530
549	531
550	532
551	533
552	534
553	535
554	536
555	537
556	538
557	539
558	540
559	541
560	542
561	543
562	544
563	545
564	546
565	547
566	548
567	549
568	550
569	551
570	552
571	553
572	554
573	555
574	556
.	557
575	558
576	559
577	560
578	561
579	562
580	563
581	564
582	565
583	566
584	567
585	568
586	569
587	570
588	571
589	572
590	573
591	574
592	575
593	576
594	577
595	578
596	579
597	580
598	581
599	582
600	583
601	584
602	585
603	586
604	587
605	588
606	589
607	590
608	591
609	592
610	593
611	594
612	595
613	596
614	597
615	598
616	599
617	600
618	601
619	602
620	603
621	604
622	605
623	606
624	607
625	608
626	609
627	610
628	611
629	612
630	613
631	614
632	615
633	616
634	617
635	618
636	619
637	620
638	621
639	622
640	623
641	624
642	625
643	626
644	627
645	628
646	629
647	630
648	631
649	.
650	.
651	.
652	.
653	.
654	.
655	.
656	.
657	632
658	633
659	634
660	635
661	636
662	637
663	638
664	639
665	640
666	641
667	642
668	643
669	644
670	645
671	646
672	647
673	648
674	649
675	650
676	651
677	652
678	653
679	654
680	655
681	656
682	657
683	658
684	659
685	660
686	.
687	.
688	661
689	662
690	663
691	664
692	665
693	666
694	667
695	668
696	669
697	670
698	671
699	672
700	673
701	674
702	675
703	676
704	677
705	678
706	679
707	680
708	681
709	682
710	683
711	684
712	685
713	686
714	687
715	688
716	689
717	690
718	691
719	692
720	693
721	694
722	695
723	696
724	697
725	698
726	699
727	700
728	701
729	702
730	703
731	704
732	705
733	706
734	707
735	708
736	709
737	710
738	711
739	712
740	713
741	714
742	715
743	716
744	717
745	718
746	719
747	720
748	721
749	722
750	723
751	724
752	725
753	726
754	727
755	728
.	729
.	730
.	731
.	732
.	733
.	734
.	735
.	736
756	737
757	738
758	739
759	740
760	741
761	742
762	743
763	744
764	745
765	746
766	747
767	748
768	749
769	750
770	751
771	752
772	753
773	754
774	755
775	756
776	757
777	758
778	759
779	760
780	761
781	762
782	763
783	764
784	765
785	766
786	767
787	768
788	769
789	770
790	771
791	772
792	773
793	774
794	775
795	776
796	777
797	778
798	779
799	780
800	781
801	782
802	783
803	784
804	785
805	786
806	787
807	788
808	789
809	790
810	791
811	792
812	793
813	794
814	795
815	796
816	797
817	798
818	799
819	800
820	801
821	802
822	803
823	804
824	805
825	806
826	807
827	808
828	809
829	810
830	811
831	812
832	813
833	814
834	815
835	816
836	817
837	818
838	819
839	820
840	821
841	822
842	823
843	824
844	825
845	826
846	827
847	828
848	829
849	830
850	831
851	832
852	833
853	834
854	835
855	836
856	837
857	838
858	839
859	840
860	841
861	842
862	843
863	844
864	845
865	846
866	847
867	848
868	849
869	850
870	851
871	852
872	853
873	854
874	855
875	856
876	857
877	858
878	859
879	860
880	861
881	862
882	863
883	864
884	865
885	866
886	867
887	868
888	869
889	870
890	871
891	872
892	873
893	874
894	875
895	876
896	877
897	878
898	879
899	880
900	881
901	882
902	883
903	884
904	885
905	886
906	887
907	888
908	889
909	890
910	891
911	892
912	893
913	894
914	895
915	896
916	897
917	898
918	899
919	900
920	901
921	902
922	903
923	904
924	905
925	906
926	907
927	908
928	909
929	910
930	911
931	912
932	913
933	914
934	915
935	916
936	917
937	918
938	919
939	920
940	921
941	922
942	923
943	924
944	925
945	926
946	927
947	928
948	929
949	930
950	931
951	932
952	933
953	934
954	935
955	936
956	937
957	938
958	939
959	940
960	941
961	942
962	943
963	944
964	945
965	946
966	947
967	948
968	949
969	950
970	951
971	952
972	953
973	954
974	955
975	956
976	957
977	958
978	959
979	960
980	961
981	962
982	963
983	964
984	965
985	966
986	967
987	968
988	969
989	970
990	971
991	972
992	973
993	974
994	975
995	976
996	977
997	978
998	979
999	980
1000	981
1001	982
1002	983
1003	984
1004	985
1005	986
1006	987
1007	988
1008	989
1009	990
1010	991
1011	992
1012	993
1013	994
1014	995
1015	996
1016	997
1017	998
1018	999
1019	1000
1020	1001
1021	1002
1022	1003
1023	1004
1024	1005
1025	1006
1026	1007
1027	1008
1028	1009
1029	1010
1030	1011
1031	1012
1032	1013
1033	1014
1034	1015
1035	1016
1036	1017
1037	1018
1038	1019
1039	1020
1040	1021
1041	1022
1042	1023
1043	1024
1044	1025
1045	1026
1046	1027
1047	1028
1048	1029
1049	1030
1050	1031
1051	1032
1052	1033
1053	1034
1054	1035
1055	1036
1056	1037
1057	1038
1058	1039
1059	1040
1060	1041
1061	1042
1062	1043
1063	1044
1064	1045
1065	1046
1066	1047
1067	1048
1068	1049
1069	1050
1070	1051
1071	1052
1072	1053
1073	1054
1074	1055
1075	1056
1076	1057
1077	1058
1078	1059
1079	1060
1080	1061
1081	1062
1082	1063
.	1064
.	1065
.	1066
.	1067
.	1068
.	1069
.	1070
.	1071
.	1072
.	1073
.	1074
1083	1075
1084	1076
1085	1077
1086	1078
1087	1079
1088	1080
1089	1081
1090	1082
1091	1083
1092	1084
1093	1085
1094	1086
1095	1087
1096	1088
1097	1089
1098	1090
1099	1091
1100	1092
1101	1093
1102	1094
1103	1095
1104	1096
1105	1097
1106	1098
1107	1099
1108	1100
1109	1101
1110	1102
1111	1103
1112	1104
1113	1105
1114	1106
1115	1107
1116	1108
1117	1109
1118	1110
1119	1111
1120	1112
1121	1113
1122	1114
1123	1115
1124	1116
1125	1117
1126	1118
1127	1119
1128	1120
1129	1121
1130	1122
1131	1123
1132	1124
1133	1125
1134	1126
1135	1127
1136	1128
1137	1129
1138	1130
1139	1131
1140	1132
1141	1133
1142	1134
1143	1135
1144	1136
1145	1137
1146	1138
1147	1139
1148	1140
1149	1141
1150	1142
1151	1143
.	1144
1152	1145
1153	1146
1154	1147
1155	1148
1156	1149
1157	1150
1158	1151
1159	1152
1160	1153
1161	1154
1162	1155
1163	1156
1164	1157
1165	1158
1166	1159
1167	1160
1168	1161
1169	1162
1170	1163
1171	1164
1172	1165
1173	1166
1174	1167
1175	1168
1176	1169
1177	1170
1178	1171
1179	1172
1180	1173
1181	1174
1182	1175
1183	1176
1184	1177
1185	1178
1186	1179
1187	1180
1188	1181
1189	1182
1190	1183
1191	1184
1192	1185
1193	1186
1194	1187
1195	1188
1196	1189
1197	1190
1198	1191
1199	1192
1200	1193
1201	1194
1202	1195
1203	1196
1204	1197
1205	1198
1206	1199
1207	1200
1208	1201
1209	1202
1210	1203
1211	1204
1212	1205
1213	1206
1214	1207
1215	1208
1216	1209
1217	1210
1218	1211
1219	1212
1220	1213
1221	1214
1222	1215
1223	1216
1224	1217
1225	1218
1226	1219
1227	1220
1228	1221
1229	1222
1230	1223
1231	1224
1232	1225
1233	1226
1234	1227
1235	1228
1236	1229
1237	1230
1238	1231
1239	.
1240	1232
1241	1233
1242	1234
1243	1235
1244	1236
1245	1237
1246	1238
1247	1239
1248	1240
1249	1241
1250	1242
1251	1243
1252	1244
1253	1245
1254	1246
1255	1247
1256	1248
1257	1249
1258	1250
1259	1251
1260	1252
1261	1253
1262	1254
1263	1255
1264	1256
1265	1257
1266	1258
1267	1259
1268	1260
1269	1261
1270	1262
1271	1263
1272	1264
1273	1265
1274	1266
1275	1267
1276	1268
1277	1269
1278	1270
1279	1271
1280	1272
1281	1273
1282	1274
1283	1275
1284	1276
1285	1277
1286	1278
1287	1279
1288	1280
1289	1281
1290	1282
1291	1283
1292	1284
1293	1285
1294	1286
1295	1287
1296	1288
1297	1289
1298	1290
1299	1291
1300	1292
1301	1293
1302	1294
1303	1295
1304	1296
1305	1297
1306	1298
1307	1299
1308	1300
1309	1301
1310	1302
1311	1303
1312	1304
1313	1305
1314	1306
1315	1307
1316	1308
1317	1309
1318	1310
1319	1311
1320	1312
1321	1313
1322	1314
1323	1315
1324	1316
1325	1317
1326	1318
1327	1319
1328	1320
1329	1321
1330	1322
1331	1323
1332	1324
1333	1325
1334	1326
1335	1327
1336	1328
1337	1329
1338	1330
1339	1331
1340	1332
1341	1333
1342	1334
1343	1335
1344	1336
1345	1337
1346	1338
1347	1339
1348	1340
1349	1341
1350	1342
1351	1343
1352	1344
1353	1345
1354	1346
1355	1347
1356	1348
1357	1349
1358	1350
1359	1351
1360	1352
1361	1353
1362	1354
1363	1355
1364	1356
1365	1357
1366	1358
1367	1359
1368	1360
1369	1361
1370	1362
1371	1363
1372	1364
1373	1365
1374	1366
1375	1367
1376	1368
1377	1369
1378	1370
1379	1371
1380	1372
1381	1373
1382	1374
1383	1375
1384	1376
1385	1377
1386	1378
1387	1379
1388	1380
1389	1381
1390	1382
1391	1383
1392	1384
1393	1385
1394	1386
1395	1387
1396	1388
1397	1389
1398	1390
1399	1391
1400	1392
1401	1393
1402	1394
1403	1395
1404	1396
1405	1397
1406	1398
1407	1399
1408	1400
1409	1401
1410	1402
1411	1403
1412	1404
1413	1405
1414	1406
1415	1407
1416	1408
1417	1409
1418	1410
1419	1411
1420	1412
1421	1413
1422	1414
1423	1415
1424	1416
1425	1417
1426	1418
1427	1419
1428	1420
1429	1421
1430	1422
1431	1423
1432	1424
1433	1425
1434	1426
1435	1427
1436	1428
1437	1429
1438	1430
1439	1431
1440	1432
1441	1433
1442	1434
1443	1435
1444	1436
1445	1437
1446	1438
1447	1439
1448	1440
1449	1441
1450	1442
1451	1443
1452	1444
1453	1445
1454	1446
1455	1447
1456	1448
1457	1449
1458	1450
1459	1451
1460	1452
1461	1453
1462	1454
1463	1455
1464	1456
1465	1457
1466	1458
1467	1459
1468	1460
1469	1461
1470	1462
1471	1463
1472	1464
1473	1465
1474	1466
1475	1467
1476	1468
1477	1469
1478	1470
1479	1471
1480	1472
1481	1473
1482	1474
1483	1475
1484	1476
1485	1477
1486	1478
1487	1479
1488	1480
1489	1481
1490	1482
1491	1483
1492	1484
1493	1485
1494	1486
1495	1487
1496	1488
1497	1489
1498	1490
1499	1491
1500	1492
1501	1493
1502	1494
1503	1495
1504	1496
1505	1497
1506	1498
1507	1499
1508	1500
1509	1501
1510	1502
1511	1503
1512	1504
1513	1505
.	1506
.	1507
.	1508
1514	1509
1515	1510
1516	1511
1517	1512
1518	1513
1519	1514
1520	1515
1521	1516
1522	1517
1523	1518
1524	1519
1525	1520
1526	1521
1527	1522
1528	1523
1529	1524
1530	1525
1531	1526
1532	1527
1533	1528
1534	1529
1535	1530
1536	1531
1537	1532
1538	1533
1539	1534
1540	1535
1541	1536
1542	1537
1543	1538
1544	1539
1545	1540
1546	1541
1547	1542
1548	1543
1549	1544
1550	1545
1551	1546
1552	1547
1553	1548
1554	1549
1555	1550
1556	1551
1557	1552
1558	1553
1559	1554
1560	1555
1561	1556
1562	1557
1563	1558
1564	1559
1565	1560
1566	1561
1567	1562
1568	1563
1569	1564
1570	1565
1571	1566
1572	1567
1573	1568
1574	1569
1575	1570
1576	1571
1577	1572
1578	1573
1579	1574
1580	1575
1581	1576
1582	1577
1583	1578
1584	1579
1585	1580
1586	1581
1587	1582
1588	1583
1589	1584
1590	1585
1591	1586
1592	1587
1593	1588
1594	1589
1595	1590
1596	1591
1597	1592
1598	1593
1599	1594
1600	1595
1601	1596
1602	1597
1603	1598
1604	1599
1605	1600
1606	1601
1607	1602
1608	1603
1609	1604
1610	1605
1611	1606
1612	1607
1613	1608
1614	1609
1615	1610
1616	1611
1617	1612
1618	1613
1619	1614
1620	1615
1621	1616
1622	1617
1623	1618
1624	1619
1625	1620
1626	1621
1627	1622
1628	1623
1629	1624
1630	1625
1631	1626
1632	1627
1633	1628
1634	1629
1635	1630
1636	1631
1637	1632
1638	1633
1639	1634
1640	1635
1641	1636
1642	1637
1643	1638
1644	1639
1645	1640
1646	1641
1647	1642
1648	1643
1649	1644
1650	1645
1651	1646
1652	1647
1653	1648
1654	1649
1655	1650
1656	1651
1657	1652
1658	1653
1659	1654
1660	1655
1661	1656
1662	1657
1663	1658
1664	1659
1665	1660
1666	1661
1667	1662
1668	1663
1669	1664
1670	1665
1671	1666
1672	1667
1673	1668
1674	1669
1675	1670
1676	1671
1677	1672
1678	1673
1679	1674
1680	1675
1681	1676
1682	1677
1683	1678
1684	1679
1685	1680
1686	1681
1687	1682
1688	1683
1689	1684
1690	1685
1691	1686
1692	1687
1693	1688
1694	1689
1695	1690
1696	1691
1697	1692
1698	1693
1699	1694
1700	1695
1701	1696
1702	1697
1703	1698
1704	1699
1705	1700
1706	1701
1707	1702
1708	1703
1709	1704
1710	1705
1711	1706
1712	1707
1713	1708
1714	1709
1715	1710
1716	1711
1717	1712
1718	1713
1719	1714
1720	1715
1721	1716
1722	1717
1723	1718
1724	1719
1725	1720
1726	1721
1727	1722
1728	1723
1729	1724
1730	1725
1731	1726
1732	1727
1733	1728
1734	1729
1735	1730
1736	1731
1737	1732
1738	1733
1739	1734
1740	1735
1741	1736
1742	1737
1743	1738
1744	1739
1745	1740
1746	1741
1747	1742
1748	1743
1749	1744
1750	1745
1751	1746
1752	1747
1753	1748
1754	1749
1755	1750
1756	1751
1757	1752
1758	1753
1759	1754
1760	1755
1761	1756
1762	1757
1763	1758
1764	1759
1765	1760
1766	1761
1767	1762
1768	1763
1769	1764
1770	1765
1771	1766
1772	1767
1773	1768
1774	1769
1775	1770
1776	1771
1777	1772
1778	1773
1779	1774
1780	1775
1781	1776
1782	1777
1783	1778
1784	1779
1785	1780
1786	1781
1787	1782
1788	1783
1789	1784
1790	1785
1791	1786
1792	1787
1793	1788
1794	1789
1795	1790
1796	1791
1797	1792
1798	1793
1799	1794
1800	1795
1801	1796
1802	1797
1803	1798
1804	1799
1805	1800
1806	1801
1807	1802
1808	1803
1809	1804
1810	1805
1811	1806
1812	1807
1813	1808
1814	1809
1815	1810
1816	1811
1817	1812
1818	1813
1819	1814
1820	1815
1821	1816
1822	1817
1823	1818
1824	1819
1825	1820
1826	1821
1827	1822
1828	1823
1829	1824
1830	1825
1831	1826
1832	1827
1833	1828
1834	1829
1835	1830
1836	1831
1837	1832
1838	1833
1839	1834
1840	1835
1841	1836
1842	1837
1843	1838
1844	1839
1845	1840
1846	1841
1847	1842
1848	1843
1849	1844
1850	1845
1851	1846
1852	1847
1853	1848
1854	1849
1855	1850
1856	1851
1857	1852
1858	1853
1859	1854
1860	1855
1861	1856
1862	1857
1863	1858
1864	1859
1865	1860
1866	1861
1867	1862
1868	1863
1869	1864
1870	1865
1871	1866
1872	1867
1873	1868
1874	1869
1875	1870
1876	1871
1877	1872
1878	1873
1879	1874
1880	1875
1881	1876
1882	1877
1883	1878
1884	1879
1885	1880
1886	1881
1887	1882
1888	1883
1889	1884
1890	1885
1891	1886
1892	1887
1893	1888
1894	1889
1895	1890
1896	1891
1897	1892
1898	1893
1899	1894
1900	1895
1901	1896
1902	1897
1903	1898
1904	1899
1905	1900
1906	1901
1907	1902
1908	1903
1909	1904
1910	1905
1911	1906
1912	1907
1913	1908
1914	1909
1915	1910
1916	1911
1917	1912
1918	1913
1919	1914
1920	1915
1921	1916
1922	1917
1923	1918
1924	1919
1925	1920
1926	1921
1927	1922
1928	1923
1929	1924
1930	1925
1931	1926
1932	1927
1933	1928
1934	1929
1935	1930
1936	1931
1937	1932
1938	1933
1939	1934
1940	1935
1941	1936
1942	1937
1943	1938
1944	1939
1945	1940
1946	1941
1947	1942
1948	1943
1949	1944
1950	1945
1951	1946
1952	1947
1953	1948
1954	1949
1955	1950
1956	1951
1957	1952
1958	1953
1959	1954
1960	1955
1961	1956
1962	1957
1963	1958
1964	1959
1965	1960
1966	1961
1967	1962
1968	1963
1969	1964
1970	1965
1971	1966
1972	1967
1973	1968
1974	1969
1975	1970
1976	1971
1977	1972
1978	1973
1979	1974
1980	1975
1981	1976
1982	1977
1983	1978
1984	1979
1985	1980
1986	1981
1987	1982
1988	1983
1989	1984
1990	1985
1991	1986
.	1987
.	1988
.	1989
.	1990
1992	1991
1993	1992
1994	1993
1995	1994
1996	1995
1997	1996
1998	1997
1999	1998
2000	1999
2001	2000
2002	2001
2003	2002
2004	2003
2005	2004
2006	2005
2007	2006
2008	2007
2009	2008
2010	2009
2011	2010
2012	2011
2013	2012
2014	2013
.	2014
.	2015
.	2016
.	2017
.	2018
.	2019
.	2020
2015	2021
2016	2022
2017	2023
2018	2024
2019	2025
2020	2026
2021	2027
2022	2028
2023	2029
2024	2030
2025	2031
2026	2032
2027	2033
2028	2034
2029	2035
.	2036
2030	2037
2031	2038
2032	2039
2033	2040
2034	2041
2035	2042
2036	2043
2037	2044
2038	2045
2039	2046
2040	2047
2041	2048
2042	2049
2043	2050
2044	2051
2045	2052
2046	2053
2047	2054
2048	2055
2049	2056
2050	2057
2051	2058
2052	2059
2053	2060
2054	2061
2055	2062
2056	2063
2057	2064
2058	2065
2059	2066
2060	2067
2061	2068
2062	2069
2063	2070
2064	2071
2065	2072
2066	2073
2067	2074
.	2075
.	2076
.	2077
2068	2078
2069	2079
2070	2080
2071	2081
2072	2082
2073	2083
2074	2084
2075	2085
2076	2086
2077	2087
2078	2088
2079	2089
2080	2090
2081	2091
2082	2092
2083	2093
2084	2094
2085	2095
2086	2096
2087	2097
2088	2098
2089	2099
2090	2100
2091	2101
2092	2102
2093	2103
2094	2104
2095	2105
2096	2106
2097	2107
2098	2108
2099	2109
2100	2110
2101	2111
2102	2112
2103	2113
2104	2114
2105	2115
2106	2116
2107	2117
2108	2118
